5 0.0390625 0.56171875 0.078125 0.096875
5 0.175 0.478125 0.11484375 0.0734375
5 0.43828125 0.61171875 0.35703125 0.11953125
5 0.72109375 0.53359375 0.26640625 0.1421875
5 0.45546875 0.22265625 0.10703125 0.084375
5 0.91484375 0.409375 0.1703125 0.184375
5 0.3328125 0.78828125 0.3296875 0.22890625
5 0.72578125 0.809375 0.125 0.265625
5 0.85859375 0.70859375 0.1546875 0.2125
5 0.94921875 0.66015625 0.1015625 0.19609375
5 0.9515625 0.84140625 0.096875 0.2140625
5 0.0640625 0.9546875 0.08125 0.090625
5 0.46796875 0.1515625 0.0546875 0.05625
5 0.3921875 0.16953125 0.03125 0.04609375