6 0.359375 0.4484375 0.37578125 0.34765625
6 0.20703125 0.94609375 0.13125 0.10703125
6 0.14921875 0.765625 0.14296875 0.16953125
6 0.934375 0.7984375 0.13046875 0.403125
6 0.61640625 0.7234375 0.07734375 0.1125
6 0.77734375 0.796875 0.05625 0.0890625
6 0.45546875 0.68515625 0.1125 0.10078125
6 0.434375 0.87265625 0.05625 0.14765625
6 0.78515625 0.96484375 0.0796875 0.06953125
6 0.8953125 0.20546875 0.1078125 0.12421875
6 0.8328125 0.36171875 0.07734375 0.075
6 0.95546875 0.3359375 0.05859375 0.103125
6 0.96484375 0.1140625 0.06953125 0.07734375
6 0.51796875 0.03046875 0.190625 0.0609375