6 0.0296875 0.05390625 0.05390625 0.103125
6 0.15625 0.1140625 0.11484375 0.11484375
6 0.921875 0.6015625 0.15625 0.34765625
6 0.8515625 0.0859375 0.04921875 0.04921875
6 0.96328125 0.18125 0.0703125 0.065625
6 0.81328125 0.27578125 0.0609375 0.08203125
6 0.3171875 0.596875 0.28203125 0.27265625
6 0.37578125 0.39453125 0.17421875 0.121875
6 0.140625 0.89609375 0.20234375 0.2078125
6 0.3828125 0.84375 0.1078125 0.0984375
6 0.5828125 0.66953125 0.0796875 0.0796875
6 0.7921875 0.6921875 0.0609375 0.08203125
6 0.815625 0.8671875 0.065625 0.065625
6 0.1078125 0.47265625 0.0703125 0.103125