7 0.0875 0.04453125 0.175 0.0890625
7 0.13671875 0.12734375 0.24375 0.0875
7 0.13046875 0.29140625 0.26015625 0.13984375
7 0.215625 0.38984375 0.21953125 0.1015625
7 0.0984375 0.44453125 0.19609375 0.11171875
7 0.15234375 0.6453125 0.3046875 0.26015625
7 0.6140625 0.04921875 0.4421875 0.0984375
7 0.734375 0.24296875 0.53125 0.33515625
7 0.375 0.19921875 0.19140625 0.12890625
7 0.6390625 0.56171875 0.478125 0.23046875
7 0.27265625 0.85078125 0.51171875 0.2640625
7 0.64921875 0.865625 0.33203125 0.153125
7 0.80234375 0.7234375 0.365625 0.16953125