7 0.06953125 0.38671875 0.1234375 0.18203125
7 0.31640625 0.2296875 0.096875 0.18046875
7 0.11875 0.67265625 0.15859375 0.19140625
7 0.115625 0.94375 0.04375 0.1125
7 0.86796875 0.35625 0.1 0.284375
7 0.45390625 0.61015625 0.1421875 0.46796875
7 0.5796875 0.6046875 0.09140625 0.2046875
7 0.51328125 0.825 0.1078125 0.23984375
7 0.359375 0.85 0.05703125 0.19609375
7 0.31484375 0.76484375 0.1015625 0.3125
7 0.2375 0.94140625 0.075 0.1171875
7 0.38515625 0.95234375 0.1015625 0.09296875
7 0.74296875 0.66484375 0.1625 0.22109375
7 0.7359375 0.9140625 0.17734375 0.171875
7 0.928125 0.92578125 0.14375 0.1484375