7 0.1953125 0.1234375 0.17890625 0.1015625
7 0.23125 0.24609375 0.11640625 0.0859375
7 0.50078125 0.2078125 0.15 0.12421875
7 0.55390625 0.36796875 0.121875 0.09140625
7 0.18671875 0.446875 0.26484375 0.10703125
7 0.79765625 0.35859375 0.1484375 0.16640625
7 0.69296875 0.52578125 0.1171875 0.071875
7 0.73671875 0.79609375 0.1375 0.1109375
7 0.23984375 0.896875 0.47265625 0.20390625
7 0.69375 0.9484375 0.07109375 0.06875
7 0.88046875 0.93671875 0.07578125 0.06171875
7 0.74375 0.08671875 0.0546875 0.08671875