7 0.33515625 0.1453125 0.13046875 0.278125
7 0.2640625 0.45078125 0.22734375 0.4171875
7 0.0890625 0.47890625 0.1671875 0.39140625
7 0.209375 0.9046875 0.0875 0.17578125
7 0.02265625 0.94609375 0.04453125 0.10703125
7 0.296875 0.83515625 0.0765625 0.2046875
7 0.41484375 0.83671875 0.14296875 0.32578125
7 0.59453125 0.66953125 0.1921875 0.45
7 0.74296875 0.6953125 0.1328125 0.47890625
7 0.84921875 0.6765625 0.11015625 0.284375
7 0.72734375 0.190625 0.1375 0.31328125
7 0.88515625 0.246875 0.13359375 0.2921875