7 0.20234375 0.0953125 0.259375 0.0890625
7 0.70703125 0.25859375 0.309375 0.0890625
7 0.70703125 0.35859375 0.5859375 0.1640625
7 0.178125 0.3265625 0.26328125 0.090625
7 0.16328125 0.4640625 0.20703125 0.1203125
7 0.12890625 0.63984375 0.2125 0.15234375
7 0.3453125 0.65703125 0.2140625 0.11171875
7 0.21484375 0.79921875 0.10234375 0.090625
7 0.1046875 0.85078125 0.13046875 0.25390625
7 0.29921875 0.9375 0.13359375 0.125
7 0.58515625 0.88984375 0.43046875 0.2203125
7 0.8578125 0.79609375 0.28359375 0.334375