7 0.046875 0.0859375 0.05625 0.06015625
7 0.53828125 0.30390625 0.16171875 0.23828125
7 0.42578125 0.765625 0.0859375 0.246875
7 0.49453125 0.95078125 0.0703125 0.0984375
7 0.93046875 0.76796875 0.1390625 0.22578125
7 0.66328125 0.346875 0.09453125 0.19921875
7 0.7421875 0.3140625 0.0703125 0.16640625
7 0.81171875 0.2625 0.1015625 0.2453125
7 0.8765625 0.33359375 0.10859375 0.2859375
7 0.95703125 0.0921875 0.05390625 0.0984375
7 0.9796875 0.3234375 0.03984375 0.1359375
7 0.30625 0.33359375 0.1171875 0.20546875