7 0.5625 0.140625 0.875 0.28125
7 0.54140625 0.36171875 0.8703125 0.22734375
7 0.21015625 0.50625 0.2109375 0.115625
7 0.26484375 0.68515625 0.303125 0.115625
7 0.07578125 0.72734375 0.07734375 0.06640625
7 0.21484375 0.90703125 0.3859375 0.1859375
7 0.02421875 0.4734375 0.0484375 0.125
7 0.040625 0.2765625 0.08125 0.184375
7 0.05390625 0.08515625 0.10703125 0.16953125
7 0.8 0.55 0.4 0.14375
7 0.775 0.6796875 0.41953125 0.16484375
7 0.43984375 0.846875 0.225 0.18203125
7 0.7765625 0.87734375 0.44609375 0.2453125
7 0.46796875 0.51796875 0.1328125 0.075
7 0.46796875 0.58359375 0.2515625 0.065625