7 0.10703125 0.10078125 0.2140625 0.09375
7 0.17734375 0.24140625 0.2203125 0.0734375
7 0.31484375 0.41484375 0.40625 0.1109375
7 0.0859375 0.49140625 0.17109375 0.1421875
7 0.2375 0.61171875 0.475 0.12890625
7 0.4140625 0.3109375 0.3 0.09296875
7 0.51328125 0.2125 0.17890625 0.1046875
7 0.659375 0.29453125 0.128125 0.078125
7 0.6015625 0.40859375 0.284375 0.12109375
7 0.80078125 0.36640625 0.23203125 0.13359375
7 0.9359375 0.30859375 0.12734375 0.159375
7 0.78125 0.66484375 0.19375 0.1203125
7 0.1578125 0.86640625 0.315625 0.0953125
7 0.309375 0.959375 0.59375 0.08125