7 0.0578125 0.10703125 0.115625 0.2140625
7 0.16171875 0.36171875 0.1078125 0.28671875
7 0.26796875 0.26484375 0.0828125 0.23515625
7 0.03125 0.61796875 0.0625 0.72734375
7 0.3375 0.3546875 0.08046875 0.17734375
7 0.428125 0.49921875 0.209375 0.67421875
7 0.48359375 0.12421875 0.2296875 0.2484375
7 0.71328125 0.0890625 0.1703125 0.178125
7 0.82109375 0.2234375 0.125 0.40859375
7 0.71875 0.4828125 0.1546875 0.478125
7 0.57109375 0.82109375 0.14296875 0.35703125
7 0.72734375 0.896875 0.1359375 0.20625
7 0.95703125 0.21328125 0.0859375 0.4265625
7 0.93515625 0.740625 0.1203125 0.51875