7 0.028125 0.07109375 0.05546875 0.14140625
7 0.1046875 0.31484375 0.20859375 0.159375
7 0.4390625 0.321875 0.37578125 0.125
7 0.678125 0.453125 0.64375 0.178125
7 0.8171875 0.56640625 0.2203125 0.07265625
7 0.1375 0.58671875 0.10078125 0.07109375
7 0.4890625 0.69375 0.29375 0.0953125
7 0.14609375 0.771875 0.13984375 0.0734375
7 0.121875 0.8453125 0.16484375 0.08984375
7 0.26953125 0.771875 0.1109375 0.1328125
7 0.51015625 0.7875 0.2609375 0.12734375
7 0.42578125 0.86484375 0.1671875 0.08046875
7 0.77265625 0.890625 0.1015625 0.06171875
7 0.609375 0.11328125 0.05390625 0.065625
7 0.815625 0.08046875 0.31875 0.1609375