7 0.0890625 0.05703125 0.178125 0.1140625
7 0.13828125 0.15234375 0.23203125 0.08046875
7 0.1359375 0.2828125 0.271875 0.1625
7 0.19765625 0.4015625 0.2171875 0.07734375
7 0.0734375 0.46796875 0.146875 0.0984375
7 0.15390625 0.6734375 0.3078125 0.19609375
7 0.25625 0.87421875 0.50546875 0.2515625
7 0.6234375 0.9 0.30625 0.14375
7 0.38046875 0.23828125 0.203125 0.178125
7 0.5609375 0.05546875 0.3 0.11015625
7 0.74140625 0.26328125 0.5046875 0.3515625
7 0.6578125 0.57890625 0.5796875 0.31953125
7 0.76171875 0.79765625 0.4375 0.19609375