7 0.07109375 0.378125 0.1421875 0.090625
7 0.05625 0.4453125 0.1125 0.08125
7 0.21328125 0.4828125 0.278125 0.1125
7 0.5671875 0.4375 0.81171875 0.14921875
7 0.6671875 0.5296875 0.415625 0.11328125
7 0.8390625 0.65546875 0.075 0.0640625
7 0.7453125 0.68828125 0.30390625 0.09140625
7 0.896875 0.35625 0.20625 0.08125
7 0.45625 0.26328125 0.89140625 0.1296875
7 0.375 0.10234375 0.42265625 0.196875
7 0.79765625 0.10234375 0.1703125 0.103125
7 0.2765625 0.61875 0.553125 0.16875
7 0.07578125 0.74296875 0.1515625 0.07578125
7 0.21015625 0.921875 0.4109375 0.15625
7 0.62734375 0.925 0.36171875 0.14921875
7 0.57578125 0.82734375 0.8484375 0.2171875
7 0.1 0.80625 0.11484375 0.05234375