7 0.1375 0.1890625 0.06328125 0.08671875
7 0.4328125 0.5421875 0.0875 0.10546875
7 0.34453125 0.434375 0.07890625 0.071875
7 0.69921875 0.38984375 0.18515625 0.1203125
7 0.878125 0.4671875 0.24375 0.165625
7 0.9296875 0.07421875 0.11875 0.0625
7 0.96796875 0.1921875 0.0640625 0.0890625
7 0.70390625 0.61953125 0.165625 0.08515625
7 0.8359375 0.66328125 0.11328125 0.0609375
7 0.30078125 0.7765625 0.16328125 0.096875
7 0.5046875 0.7640625 0.23203125 0.1359375
7 0.8828125 0.709375 0.23359375 0.08515625
7 0.68203125 0.7859375 0.21875 0.190625
7 0.8828125 0.78828125 0.184375 0.18046875
7 0.79296875 0.89765625 0.23203125 0.0796875
7 0.390625 0.934375 0.78125 0.13125
7 0.0671875 0.52265625 0.13359375 0.14296875