7 0.04609375 0.9453125 0.084375 0.10859375
7 0.21015625 0.93046875 0.1375 0.09296875
7 0.2015625 0.7984375 0.20234375 0.18984375
7 0.4328125 0.903125 0.225 0.13203125
7 0.490625 0.80234375 0.10625 0.08984375
7 0.47421875 0.72109375 0.2125 0.146875
7 0.50859375 0.61484375 0.21328125 0.17578125
7 0.22109375 0.5703125 0.20078125 0.09140625
7 0.4265625 0.39375 0.1203125 0.0796875
7 0.54609375 0.36015625 0.18515625 0.14296875
7 0.4453125 0.2109375 0.06171875 0.05234375
7 0.59921875 0.23984375 0.1828125 0.11484375
7 0.41171875 0.10625 0.2546875 0.1296875
7 0.60546875 0.115625 0.14375 0.08984375
7 0.546875 0.03984375 0.18671875 0.07890625
7 0.8796875 0.121875 0.2265625 0.071875
7 0.7921875 0.30625 0.1484375 0.1203125
7 0.93515625 0.55859375 0.125 0.13359375
7 0.765625 0.6578125 0.08515625 0.125
7 0.80546875 0.8796875 0.0828125 0.125
7 0.8171875 0.0375 0.05 0.0625
7 0.8921875 0.02421875 0.08125 0.0484375
7 0.73359375 0.5671875 0.0984375 0.0953125
7 0.871875 0.959375 0.09375 0.08125