7 0.1859375 0.15234375 0.115625 0.2734375
7 0.1734375 0.60234375 0.2125 0.52578125
7 0.0359375 0.77890625 0.07109375 0.20078125
7 0.36640625 0.19609375 0.10078125 0.1875
7 0.34921875 0.52265625 0.14765625 0.44140625
7 0.30625 0.903125 0.08046875 0.0984375
7 0.4671875 0.2421875 0.11953125 0.3828125
7 0.56484375 0.11171875 0.03984375 0.09609375
7 0.640625 0.14765625 0.0546875 0.12734375
7 0.5421875 0.6625 0.05 0.196875
7 0.54453125 0.81171875 0.0625 0.1453125
7 0.80078125 0.53046875 0.3984375 0.9171875