7 0.784375 0.08125 0.09921875 0.1625
7 0.58046875 0.17890625 0.05625 0.0921875
7 0.7125 0.25390625 0.08203125 0.090625
7 0.93828125 0.7453125 0.09765625 0.21328125
7 0.721875 0.5140625 0.05625 0.09375
7 0.6859375 0.721875 0.09296875 0.12578125
7 0.77421875 0.88046875 0.0796875 0.2390625
7 0.75 0.70859375 0.0421875 0.08046875
7 0.60703125 0.87890625 0.07890625 0.1453125
7 0.54375 0.953125 0.0828125 0.09375
7 0.31640625 0.88828125 0.04609375 0.0984375
7 0.3953125 0.87265625 0.07265625 0.08203125
7 0.40234375 0.5796875 0.11640625 0.228125
7 0.23046875 0.54453125 0.078125 0.1734375
7 0.15703125 0.67109375 0.14765625 0.24453125
7 0.15859375 0.36875 0.07578125 0.20390625
7 0.2421875 0.325 0.0640625 0.14296875
7 0.49765625 0.5609375 0.06484375 0.090625