7 0.0453125 0.54140625 0.090625 0.25625
7 0.234375 0.5203125 0.20078125 0.52578125
7 0.4109375 0.66328125 0.13671875 0.2609375
7 0.5078125 0.6125 0.1234375 0.24609375
7 0.5328125 0.2609375 0.14296875 0.21328125
7 0.678125 0.5328125 0.07578125 0.1609375
7 0.7671875 0.27734375 0.1390625 0.19609375
7 0.76953125 0.47265625 0.1 0.15234375
7 0.87890625 0.78125 0.2421875 0.4375
7 0.96640625 0.28046875 0.0671875 0.1796875
7 0.7921875 0.06484375 0.14140625 0.1296875
7 0.23203125 0.03984375 0.0859375 0.0796875
7 0.1203125 0.1234375 0.125 0.13125