7 0.12421875 0.49609375 0.09375 0.146875
7 0.13984375 0.01875 0.05625 0.0375
7 0.109375 0.8765625 0.06171875 0.11953125
7 0.2859375 0.76171875 0.125 0.4765625
7 0.30859375 0.15625 0.1265625 0.3125
7 0.45390625 0.1796875 0.09296875 0.19765625
7 0.44453125 0.32734375 0.075 0.10703125
7 0.428125 0.621875 0.11171875 0.31015625
7 0.40078125 0.89140625 0.10234375 0.21640625
7 0.53515625 0.18125 0.10234375 0.36171875
7 0.66796875 0.1734375 0.0484375 0.159375
7 0.7140625 0.1125 0.06640625 0.225
7 0.81171875 0.078125 0.07578125 0.15625
7 0.68046875 0.346875 0.1265625 0.25
7 0.6734375 0.6265625 0.10859375 0.315625
7 0.6234375 0.890625 0.11640625 0.21875
7 0.52890625 0.76328125 0.1203125 0.45859375
7 0.77265625 0.81015625 0.1515625 0.3796875
7 0.9015625 0.91484375 0.125 0.16953125