7 0.04375 0.61015625 0.0875 0.77109375
7 0.1828125 0.309375 0.0984375 0.190625
7 0.0859375 0.07265625 0.084375 0.1453125
7 0.2796875 0.253125 0.08359375 0.22265625
7 0.34921875 0.321875 0.08125 0.24921875
7 0.4453125 0.45546875 0.17578125 0.653125
7 0.51328125 0.09609375 0.19375 0.1921875
7 0.5671875 0.81484375 0.10703125 0.3703125
7 0.7 0.8015625 0.09375 0.0765625
7 0.73125 0.92421875 0.10859375 0.13671875
7 0.8625 0.896875 0.06640625 0.14765625
7 0.93046875 0.81484375 0.1296875 0.3703125
7 0.9375 0.53515625 0.125 0.1953125
7 0.75625 0.4453125 0.15078125 0.46640625
7 0.84375 0.2078125 0.0984375 0.38203125
7 0.75234375 0.07890625 0.1734375 0.1578125
7 0.94453125 0.1984375 0.1109375 0.396875
7 0.29921875 0.6828125 0.0859375 0.28984375
7 0.1125 0.53828125 0.0546875 0.13515625