7 0.12109375 0.25859375 0.2234375 0.07421875
7 0.3328125 0.2921875 0.159375 0.0671875
7 0.45859375 0.24921875 0.128125 0.09609375
7 0.04765625 0.32109375 0.09453125 0.06171875
7 0.15390625 0.5390625 0.08828125 0.0734375
7 0.190625 0.64375 0.08359375 0.05546875
7 0.22734375 0.73828125 0.0671875 0.05078125
7 0.36015625 0.59453125 0.140625 0.05
7 0.3484375 0.6609375 0.075 0.04453125
7 0.39140625 0.72890625 0.1171875 0.07578125
7 0.5375 0.7203125 0.15234375 0.08984375
7 0.43515625 0.79296875 0.13046875 0.0671875
7 0.60078125 0.94609375 0.1359375 0.1078125
7 0.54921875 0.63828125 0.1609375 0.04453125
7 0.52578125 0.57578125 0.19296875 0.13125
7 0.48515625 0.41171875 0.17890625 0.1265625
7 0.50859375 0.33125 0.146875 0.06640625
7 0.81640625 0.43984375 0.20078125 0.10546875
7 0.6875 0.5515625 0.10546875 0.04609375
7 0.76171875 0.6421875 0.07265625 0.08203125
7 0.85390625 0.81953125 0.0671875 0.09375
7 0.96015625 0.165625 0.07890625 0.0921875
7 0.90546875 0.05859375 0.065625 0.10078125
7 0.725 0.0328125 0.08046875 0.065625
7 0.61953125 0.1609375 0.13046875 0.05703125
7 0.753125 0.15546875 0.15859375 0.1765625