7 0.1203125 0.59609375 0.09921875 0.265625
7 0.125 0.20859375 0.05390625 0.16640625
7 0.1859375 0.109375 0.06640625 0.08828125
7 0.271875 0.52421875 0.14609375 0.48203125
7 0.50390625 0.64375 0.14765625 0.215625
7 0.5015625 0.26796875 0.065625 0.1671875
7 0.68984375 0.29296875 0.08515625 0.1828125
7 0.66171875 0.5453125 0.09609375 0.17109375
7 0.74453125 0.4640625 0.0609375 0.23203125
7 0.8859375 0.68046875 0.22734375 0.47734375
7 0.96796875 0.3328125 0.0640625 0.1703125
7 0.8703125 0.246875 0.1375 0.15859375