17 0.3234375 0.1984375 0.18046875 0.184375
17 0.25859375 0.4015625 0.15859375 0.15625
17 0.115625 0.528125 0.1546875 0.16796875
17 0.3921875 0.5875 0.2015625 0.1796875
17 0.16953125 0.7109375 0.2515625 0.25703125
17 0.703125 0.32265625 0.1515625 0.4296875
17 0.696875 0.63828125 0.12578125 0.296875
17 0.8703125 0.52265625 0.19296875 0.14140625
17 0.94765625 0.64453125 0.1046875 0.1046875
17 0.9109375 0.8828125 0.1578125 0.1484375
17 0.79296875 0.93984375 0.11875 0.1203125
17 0.7953125 0.6921875 0.09609375 0.1546875